[0, 0, 17, 0, 0, 0, 49, 0, 9, 59, 40, 0, 0, 0, 0, 62, 87, 0, 75, 0, 0, 22, 94, 37, 0, 0, 11, 89, 0, 0, 0, 0, 0, 0, 67, 97, 34, 9, 23, 27, 96, 0, 0, 0, 0, 0, 0, 19, 0, 88]
[0, 0, 73, 0, 0, 68, 0, 0, 0, 0, 68, 0, 76, 79, 0, 29, 0, 80, 0, 50, 0, 0, 0, 82, 11, 0, 32, 0, 17, 0, 87, 0, 0, 72, 47, 91, 0, 0, 98, 0, 77, 68, 0, 0, 72, 0, 60, 0, 0, 0]
[17, 73, 0, 88, 0, 3, 38, 12, 57, 0, 13, 0, 74, 0, 0, 44, 0, 0, 0, 71, 58, 0, 38, 18, 0, 0, 100, 10, 0, 48, 72, 0, 0, 0, 0, 0, 0, 34, 25, 0, 16, 49, 0, 0, 89, 0, 87, 0, 90, 90]
[0, 0, 88, 0, 36, 8, 6, 72, 0, 0, 33, 0, 0, 64, 0, 0, 32, 23, 0, 66, 0, 33, 0, 0, 17, 84, 0, 81, 0, 24, 0, 29, 0, 78, 0, 0, 100, 18, 0, 34, 0, 0, 0, 54, 62, 93, 0, 0, 0, 0]
[0, 0, 0, 36, 0, 0, 19, 58, 48, 92, 0, 94, 0, 0, 0, 41, 31, 0, 0, 65, 0, 0, 0, 0, 16, 71, 87, 0, 0, 97, 56, 18, 0, 66, 73, 0, 32, 0, 93, 0, 58, 0, 60, 0, 0, 65, 0, 0, 86, 0]
[0, 68, 3, 8, 0, 0, 0, 19, 0, 0, 0, 0, 32, 0, 0, 0, 0, 0, 83, 0, 0, 0, 0, 0, 0, 63, 93, 0, 12, 0, 93, 72, 24, 64, 0, 25, 83, 0, 0, 0, 86, 93, 0, 0, 0, 0, 0, 42, 9, 57]
[49, 0, 38, 6, 19, 0, 0, 88, 0, 0, 33, 26, 0, 55, 84, 0, 19, 0, 0, 0, 64, 0, 70, 96, 49, 0, 0, 0, 57, 70, 98, 0, 87, 77, 0, 0, 0, 0, 24, 55, 0, 0, 28, 11, 0, 0, 23, 25, 59, 99]
[0, 0, 12, 72, 58, 19, 88, 0, 54, 60, 0, 42, 24, 54, 60, 11, 68, 10, 0, 34, 39, 21, 0, 36, 0, 52, 0, 35, 0, 8, 42, 0, 19, 0, 0, 1, 0, 93, 63, 72, 0, 89, 32, 20, 0, 97, 0, 0, 0, 100]
[9, 0, 57, 0, 48, 0, 0, 54, 0, 0, 66, 1, 8, 19, 0, 57, 53, 75, 0, 32, 0, 71, 84, 0, 0, 41, 13, 0, 47, 0, 0, 44, 86, 91, 0, 74, 0, 0, 45, 0, 38, 70, 88, 0, 0, 44, 31, 0, 18, 0]
[59, 0, 0, 0, 92, 0, 0, 60, 0, 0, 0, 97, 0, 0, 32, 0, 4, 0, 88, 51, 0, 0, 70, 0, 98, 0, 0, 52, 0, 28, 0, 0, 0, 0, 0, 63, 53, 64, 0, 0, 35, 48, 0, 85, 0, 0, 21, 0, 15, 0]
[40, 68, 13, 33, 0, 0, 33, 0, 66, 0, 0, 0, 10, 0, 0, 89, 36, 0, 0, 3, 0, 0, 0, 85, 83, 0, 0, 80, 0, 0, 55, 0, 67, 0, 43, 86, 85, 40, 99, 22, 84, 0, 4, 0, 15, 52, 0, 48, 46, 0]
[0, 0, 0, 0, 94, 0, 26, 42, 1, 97, 0, 0, 90, 0, 94, 61, 1, 39, 0, 29, 84, 38, 0, 0, 0, 55, 41, 85, 84, 0, 6, 79, 9, 23, 26, 94, 0, 0, 68, 79, 0, 68, 30, 45, 0, 51, 96, 68, 0, 0]
[0, 76, 74, 0, 0, 32, 0, 24, 8, 0, 10, 90, 0, 0, 38, 30, 37, 0, 0, 0, 64, 0, 49, 85, 65, 99, 0, 86, 0, 0, 72, 0, 0, 97, 25, 50, 85, 64, 0, 60, 0, 1, 58, 0, 0, 0, 14, 45, 84, 21]
[0, 79, 0, 64, 0, 0, 55, 54, 19, 0, 0, 0, 0, 0, 0, 0, 0, 25, 73, 0, 0, 0, 25, 0, 100, 70, 49, 0, 16, 0, 0, 0, 0, 0, 5, 84, 95, 34, 0, 69, 0, 29, 74, 0, 4, 0, 15, 0, 95, 0]
[0, 0, 0, 0, 0, 0, 84, 60, 0, 32, 0, 94, 38, 0, 0, 0, 0, 0, 0, 0, 0, 43, 0, 93, 17, 0, 0, 0, 63, 83, 82, 0, 0, 0, 89, 0, 81, 0, 0, 64, 0, 93, 70, 0, 9, 3, 0, 0, 0, 8]
[62, 29, 44, 0, 41, 0, 0, 11, 57, 0, 89, 61, 30, 0, 0, 0, 77, 4, 0, 8, 72, 43, 0, 85, 80, 0, 11, 93, 65, 0, 38, 0, 71, 65, 2, 0, 42, 0, 36, 12, 0, 89, 90, 41, 0, 0, 73, 66, 7, 0]
[87, 0, 0, 32, 31, 0, 19, 68, 53, 4, 36, 1, 37, 0, 0, 77, 0, 17, 0, 80, 19, 50, 74, 0, 2, 3, 0, 0, 0, 7, 0, 49, 0, 4, 0, 0, 0, 0, 0, 0, 50, 0, 99, 0, 0, 0, 0, 78, 12, 54]
[0, 80, 0, 23, 0, 0, 0, 10, 75, 0, 0, 39, 0, 25, 0, 4, 17, 0, 0, 0, 0, 0, 0, 58, 0, 0, 85, 43, 0, 0, 30, 0, 0, 0, 0, 0, 0, 0, 24, 0, 46, 0, 0, 0, 42, 78, 0, 85, 0, 37]
[75, 0, 0, 0, 0, 83, 0, 0, 0, 88, 0, 0, 0, 73, 0, 0, 0, 0, 0, 56, 21, 0, 0, 0, 22, 0, 85, 21, 33, 39, 67, 89, 0, 0, 8, 15, 0, 0, 0, 0, 31, 0, 0, 0, 0, 0, 4, 0, 0, 37]
[0, 50, 71, 66, 65, 0, 0, 34, 32, 51, 3, 29, 0, 0, 0, 8, 80, 0, 56, 0, 0, 0, 9, 20, 0, 46, 2, 74, 33, 0, 13, 0, 0, 19, 0, 0, 9, 38, 0, 0, 25, 0, 0, 0, 0, 0, 64, 0, 0, 0]
[0, 0, 58, 0, 0, 0, 64, 39, 0, 0, 0, 84, 64, 0, 0, 72, 19, 0, 21, 0, 0, 0, 0, 9, 66, 0, 63, 0, 8, 0, 0, 72, 0, 78, 0, 0, 0, 0, 0, 35, 0, 0, 0, 0, 0, 0, 67, 0, 0, 13]
[22, 0, 0, 33, 0, 0, 0, 21, 71, 0, 0, 38, 0, 0, 43, 43, 50, 0, 0, 0, 0, 0, 0, 0, 0, 0, 75, 84, 0, 0, 24, 41, 54, 0, 0, 23, 0, 0, 24, 9, 92, 21, 0, 49, 24, 24, 0, 61, 0, 0]
[94, 0, 38, 0, 0, 0, 70, 0, 84, 70, 0, 0, 49, 25, 0, 0, 74, 0, 0, 9, 0, 0, 0, 0, 0, 53, 7, 0, 0, 0, 0, 0, 96, 0, 0, 96, 45, 0, 0, 45, 0, 84, 99, 0, 0, 0, 0, 77, 0, 0]
[37, 82, 18, 0, 0, 0, 96, 36, 0, 0, 85, 0, 85, 0, 93, 85, 0, 58, 0, 20, 9, 0, 0, 0, 0, 0, 0, 0, 0, 72, 0, 40, 0, 0, 0, 0, 2, 49, 27, 86, 29, 0, 0, 0, 0, 15, 76, 45, 39, 90]
[0, 11, 0, 17, 16, 0, 49, 0, 0, 98, 83, 0, 65, 100, 17, 80, 2, 0, 22, 0, 66, 0, 0, 0, 0, 0, 0, 0, 0, 58, 0, 0, 10, 0, 0, 72, 0, 3, 0, 71, 0, 81, 0, 78, 0, 0, 0, 0, 0, 0]
[0, 0, 0, 84, 71, 63, 0, 52, 41, 0, 0, 55, 99, 70, 0, 0, 3, 0, 0, 46, 0, 0, 53, 0, 0, 0, 0, 0, 66, 52, 28, 11, 61, 0, 59, 0, 30, 20, 58, 75, 0, 0, 0, 0, 0, 0, 0, 13, 59, 0]
[11, 32, 100, 0, 87, 93, 0, 0, 13, 0, 0, 41, 0, 49, 0, 11, 0, 85, 85, 2, 63, 75, 7, 0, 0, 0, 0, 0, 0, 0, 49, 0, 23, 0, 93, 0, 0, 0, 43, 51, 100, 75, 0, 49, 92, 71, 0, 94, 24, 71]
[89, 0, 10, 81, 0, 0, 0, 35, 0, 52, 80, 85, 86, 0, 0, 93, 0, 43, 21, 74, 0, 84, 0, 0, 0, 0, 0, 0, 69, 29, 0, 89, 0, 69, 0, 0, 0, 0, 0, 0, 53, 15, 8, 33, 16, 0, 0, 0, 86, 0]
[0, 17, 0, 0, 0, 12, 57, 0, 47, 0, 0, 84, 0, 16, 63, 65, 0, 0, 33, 33, 8, 0, 0, 0, 0, 66, 0, 69, 0, 91, 0, 79, 22, 0, 79, 0, 0, 0, 0, 69, 0, 0, 91, 0, 0, 0, 0, 51, 0, 77]
[0, 0, 48, 24, 97, 0, 70, 8, 0, 28, 0, 0, 0, 0, 83, 0, 7, 0, 39, 0, 0, 0, 0, 72, 58, 52, 0, 29, 91, 0, 75, 12, 96, 39, 0, 0, 0, 0, 27, 0, 0, 46, 0, 90, 0, 42, 0, 2, 83, 0]
[0, 87, 72, 0, 56, 93, 98, 42, 0, 0, 55, 6, 72, 0, 82, 38, 0, 30, 67, 13, 0, 24, 0, 0, 0, 28, 49, 0, 0, 75, 0, 0, 9, 32, 1, 0, 47, 0, 39, 96, 26, 27, 77, 0, 0, 0, 0, 42, 2, 0]
[0, 0, 0, 29, 18, 72, 0, 0, 44, 0, 0, 79, 0, 0, 0, 0, 49, 0, 89, 0, 72, 41, 0, 40, 0, 11, 0, 89, 79, 12, 0, 0, 82, 0, 0, 0, 83, 41, 95, 0, 0, 63, 0, 20, 90, 0, 80, 10, 10, 9]
[0, 0, 0, 0, 0, 24, 87, 19, 86, 0, 67, 9, 0, 0, 0, 71, 0, 0, 0, 0, 0, 54, 96, 0, 10, 61, 23, 0, 22, 96, 9, 82, 0, 0, 0, 96, 59, 39, 3, 57, 0, 69, 0, 25, 55, 0, 81, 46, 87, 0]
[0, 72, 0, 78, 66, 64, 77, 0, 91, 0, 0, 23, 97, 0, 0, 65, 4, 0, 0, 19, 78, 0, 0, 0, 0, 0, 0, 69, 0, 39, 32, 0, 0, 0, 77, 0, 11, 0, 0, 0, 28, 0, 46, 0, 0, 0, 62, 43, 0, 0]
[67, 47, 0, 0, 73, 0, 0, 0, 0, 0, 43, 26, 25, 5, 89, 2, 0, 0, 8, 0, 0, 0, 0, 0, 0, 59, 93, 0, 79, 0, 1, 0, 0, 77, 0, 71, 26, 38, 89, 15, 42, 0, 84, 71, 0, 0, 14, 0, 31, 68]
[97, 91, 0, 0, 0, 25, 0, 1, 74, 63, 86, 94, 50, 84, 0, 0, 0, 0, 15, 0, 0, 23, 96, 0, 72, 0, 0, 0, 0, 0, 0, 0, 96, 0, 71, 0, 26, 0, 94, 14, 98, 71, 0, 0, 0, 0, 35, 0, 66, 0]
[34, 0, 0, 100, 32, 83, 0, 0, 0, 53, 85, 0, 85, 95, 81, 42, 0, 0, 0, 9, 0, 0, 45, 2, 0, 30, 0, 0, 0, 0, 47, 83, 59, 11, 26, 26, 0, 0, 78, 0, 0, 71, 0, 0, 0, 81, 77, 0, 94, 26]
[9, 0, 34, 18, 0, 0, 0, 93, 0, 64, 40, 0, 64, 34, 0, 0, 0, 0, 0, 38, 0, 0, 0, 49, 3, 20, 0, 0, 0, 0, 0, 41, 39, 0, 38, 0, 0, 0, 30, 0, 4, 0, 92, 75, 40, 89, 34, 0, 48, 0]
[23, 98, 25, 0, 93, 0, 24, 63, 45, 0, 99, 68, 0, 0, 0, 36, 0, 24, 0, 0, 0, 24, 0, 27, 0, 58, 43, 0, 0, 27, 39, 95, 3, 0, 89, 94, 78, 30, 0, 95, 0, 0, 32, 0, 0, 98, 3, 49, 33, 0]
[27, 0, 0, 34, 0, 0, 55, 72, 0, 0, 22, 79, 60, 69, 64, 12, 0, 0, 0, 0, 35, 9, 45, 86, 71, 75, 51, 0, 69, 0, 96, 0, 57, 0, 15, 14, 0, 0, 95, 0, 0, 0, 90, 0, 0, 0, 70, 79, 80, 0]
[96, 77, 16, 0, 58, 86, 0, 0, 38, 35, 84, 0, 0, 0, 0, 0, 50, 46, 31, 25, 0, 92, 0, 29, 0, 0, 100, 53, 0, 0, 26, 0, 0, 28, 42, 98, 0, 4, 0, 0, 0, 13, 2, 76, 90, 36, 84, 63, 0, 47]
[0, 68, 49, 0, 0, 93, 0, 89, 70, 48, 0, 68, 1, 29, 93, 89, 0, 0, 0, 0, 0, 21, 84, 0, 81, 0, 75, 15, 0, 46, 27, 63, 69, 0, 0, 71, 71, 0, 0, 0, 13, 0, 0, 6, 96, 43, 0, 42, 0, 0]
[0, 0, 0, 0, 60, 0, 28, 32, 88, 0, 4, 30, 58, 74, 70, 90, 99, 0, 0, 0, 0, 0, 99, 0, 0, 0, 0, 8, 91, 0, 77, 0, 0, 46, 84, 0, 0, 92, 32, 90, 2, 0, 0, 0, 44, 42, 0, 77, 12, 35]
[0, 0, 0, 54, 0, 0, 11, 20, 0, 85, 0, 45, 0, 0, 0, 41, 0, 0, 0, 0, 0, 49, 0, 0, 78, 0, 49, 33, 0, 90, 0, 20, 25, 0, 71, 0, 0, 75, 0, 0, 76, 6, 0, 0, 11, 22, 0, 12, 0, 0]
[0, 72, 89, 62, 0, 0, 0, 0, 0, 0, 15, 0, 0, 4, 9, 0, 0, 42, 0, 0, 0, 24, 0, 0, 0, 0, 92, 16, 0, 0, 0, 90, 55, 0, 0, 0, 0, 40, 0, 0, 90, 96, 44, 11, 0, 0, 0, 0, 0, 66]
[0, 0, 0, 93, 65, 0, 0, 97, 44, 0, 52, 51, 0, 0, 3, 0, 0, 78, 0, 0, 0, 24, 0, 15, 0, 0, 71, 0, 0, 42, 0, 0, 0, 0, 0, 0, 81, 89, 98, 0, 36, 43, 42, 22, 0, 0, 0, 4, 58, 41]
[0, 60, 87, 0, 0, 0, 23, 0, 31, 21, 0, 96, 14, 15, 0, 73, 0, 0, 4, 64, 67, 0, 0, 76, 0, 0, 0, 0, 0, 0, 0, 80, 81, 62, 14, 35, 77, 34, 3, 70, 84, 0, 0, 0, 0, 0, 0, 55, 66, 0]
[19, 0, 0, 0, 0, 42, 25, 0, 0, 0, 48, 68, 45, 0, 0, 66, 78, 85, 0, 0, 0, 61, 77, 45, 0, 13, 94, 0, 51, 2, 42, 10, 46, 43, 0, 0, 0, 0, 49, 79, 63, 42, 77, 12, 0, 4, 55, 0, 39, 34]
[0, 0, 90, 0, 86, 9, 59, 0, 18, 15, 46, 0, 84, 95, 0, 7, 12, 0, 0, 0, 0, 0, 0, 39, 0, 59, 24, 86, 0, 83, 2, 10, 87, 0, 31, 66, 94, 48, 33, 80, 0, 0, 12, 0, 0, 58, 66, 39, 0, 55]
[88, 0, 90, 0, 0, 57, 99, 100, 0, 0, 0, 0, 21, 0, 8, 0, 54, 37, 37, 0, 13, 0, 0, 90, 0, 0, 71, 0, 77, 0, 0, 9, 0, 0, 68, 0, 26, 0, 0, 0, 47, 0, 35, 0, 66, 41, 0, 34, 55, 0]

Data on shortest paths from a given point
  0   1   2   3   4   5   6   7   8   9  10  11  12  13  14  15  16  17  18  19  20  21  22  23  24  25  26  27  28  29  30  31  32  33  34  35  36  37  38  39  40  41  42  43  44  45  46  47  48  49 
 34  36  31  36  27  28  38  25  25  27  31  24  21  21   8  24  23  28  30  32  13  35  41  22  25  20  34  33  21  17  21   9  30  27  22  26  24  28  33  36  32  22  31  27  17  11  34  15  19  np 